1767595131 310 20 0 0 0|32 32 394 0 15|32 9 11 0 2|
  1    0   0   0|34 38 61 23 23 43 37 28|2 0 0 0 0|2 0 0 0 0|
  2    0   0   0|46 71 45 48 50 55 11 48|2 0 0 0 0|2 0 0 0 0|
  3    0   0   0|35 79  1 34 94 73 16 42|2 5 25 0 5|2 1 1 0 1|
  4    0   0   0| 5 66 24 87 53 13 36 74|1 0 0 0 0|1 0 0 0 0|
  5    0   0   0|31  2 49 11 85 47 22 74|1 0 0 0 0|1 0 0 0 0|
  6    0   0   0|62 67 31 16 51 85  4 78|1 0 0 0 0|1 0 0 0 0|
  7    0   0   0|85 75 12 42  3 51 69 52|1 0 0 0 0|1 0 0 0 0|
  8    0   0   0|30 27 28 39 24  1 25 46|1 0 0 0 0|1 0 0 0 0|
  9    0   0   0|49 73 22 95 11 51 95 24|1 0 0 0 0|1 0 0 0 0|
 10    0   0   0|84 83 83 42 45 96 42 25|2 0 0 0 0|2 2 4 0 2|
 11    0   0   0|52 23 78 69 75 82 25 68|1 0 0 0 0|1 0 0 0 0|
 12    0   0   0|20 46  3 65 21 25 19 78|2 0 0 0 0|2 0 0 0 0|
 13    0   0   0|46 82 13 89 99 48 77 65|1 0 0 0 0|1 0 0 0 0|
 14    0   0   0| 8  4 44 36 64 79 96 49|2 0 0 0 0|2 1 1 0 1|
 15    0   0   0|47 64  7 29 79 40 89 81|2 0 0 0 0|2 0 0 0 0|
 16    0   0   0|49 67 75 70 25 75 82  5|2 0 0 0 0|2 1 1 0 1|
 17    0   0   0|77 52 56 68 49  8  4 53|2 0 0 0 0|2 1 1 0 1|
 18    0   0   0|20 87 97 61 11 55 12 99|2 15 225 0 15|2 1 1 0 1|
 19    0   0   0|17 17  6 58  6 10 55 94|2 0 0 0 0|2 1 1 0 1|
 20    0   0   0|75  4 80 51 33 16 33 69|2 12 144 0 12|2 1 1 0 1|
