1767596274 420 284 253 3 8|358 3693 142691 0 139|358 423 579 1 4|
163  270 160 148|30 28 57 56 24 10 89 99|2 104 6658 27 77|2 5 13 2 3|
274  407 247  80|30 16 56 56 24 11 89  4|1 44 1936 44 44|1 2 4 2 2|
225  347 163   0|30 28 57 56 24  8 85 99|1 35 1225 35 35|1 1 1 1 1|
284  418  29 247|30 16 60  9 32 89 84 59|1 0 0 0 0|1 1 1 1 1|
278  412 163  22|30 28 57 76 28 31 89 99|1 38 1444 38 38|1 1 1 1 1|
 22  101  16  21|98 40 27 76 28 31 89 99|4 103 7005 0 82|4 5 7 1 2|
281  415 245  22|98 40 56 56 32 99 84 59|1 29 841 29 29|1 1 1 1 1|
219  340 149  29|30 91 56 52 24 11 89 99|1 98 9604 98 98|1 2 4 2 2|
170  277  80  22|30 16 56 56 24 31 89 99|2 56 1586 25 31|2 3 5 1 2|
269  401 219  22|30 91 56 76 28 31 89 99|1 38 1444 38 38|1 2 4 2 2|
244  372  45   0| 7 49 36 85 37 40  9 95|1 31 961 31 31|1 2 4 2 2|
200  314 148  45|98 16 56 56 32 89 84 59|2 68 2384 28 40|2 2 2 1 1|
247  375  80 245|30 16 56 56 32 11 89  4|1 139 19321 139 139|1 3 9 3 3|
243  370 151  80|30 16 56 56 32 84 89 99|1 60 3600 60 60|1 1 1 1 1|
 29  108   7  14|30 91 60  9 32 89 84 59|4 115 4697 11 60|4 5 7 1 2|
 80  159  27  13|30 16 56 56 24 11 89 99|4 168 13094 0 87|4 8 22 1 4|
218  339  80 149|30 16 56 44 24 11 89 99|2 112 9800 14 98|2 3 5 1 2|
233  359  52  29| 3 28 95  9 32 89 84 59|1 34 1156 34 34|1 1 1 1 1|
245  373 148 200|30 16 56 56 32 99 84 59|1 34 1156 34 34|1 1 1 1 1|
 52  131  42  29|21 28 95  9 32 89 84 59|4 153 11753 0 101|4 6 10 1 2|
